- xxm -

11111 1151111101] 1011111111111111111. Der Α111 11111111 111131 01111 1111-
11111111 zu 11111111111111111, 111111 1111111 Anzahl 01111111111111 11111111
11111111111111111111111111111131111101 111111 111111, 1111 sich 111111111.
1111 101111 1111,111111111 1111111101 [1111111111 11111 111111 111111 ,1111111111
1111 Ε11101111111111111111011 1111111111111. 1111111111 111111 1111 Α111 111111-
1111111111] 11111 Papsl 1111, 111111 1111111111 11111111111111.. 0115111011111111
111 paderburn 111 5111111111111111111111 11111111111111111111111 11111 111111
Ε1111111 sich bisher ’1111111111111111 111110151111. 1111011111 110111.
11151101111111111111 111111 (1111111111 1111111551111011111 11111 1111 Appol-
11111011 an, ,101111111111111111101 15011111 11111. 111111011111011101111111
Widorsland 1111111 1111111111 1111111111. 1111111111111 111111 11 11111 111111
110111111111111 111111111111111111111111, (1111111111 1111111111, 111111 11 1111111
21111111111111111111111 Ε11011101111111·11101 1111 1111111111111 das 11101111
11111111111101 1111111111. 11111111111111111 5111111111 sich (11111111 111111 die
1111111111111111111111011 1111111111111111, so 1111111111111111101 sie 1111
111111111111111 1111111111, 111111 11111 111111 1111111111111111111 11111111. 1111111
10111111 11111 (1111, 110 11111 111111 ,1111111111 11111111. dem 111111111111
1111111111111111). 1111111111111 1111111111111111111111111111 an 1111 (111111,
aber (1115111111 11111011 sich 111111111111 1111111111111 111111 1111111111111
11111101111111110111111. 111111 Α1111 prolana es 11111 111111 111111 11111·
1111111111118111111 111111111011111111131 111111 111 110111 111111 savhe
11111 111111 1111111111 111 111111111, 11111 11 1111111 Ι«1111111 ,11111111111110111
111111111111111111111 das 111111 das 11101111 111111111111 111111111111 11111·
1111101110 11111111. 8111111111 111111111 1111111 11111111111111115111111111
1011111111111111111111 11111111111111111 11111111· 111111).

1111 1111111 11111111111111111111111111111 1111111111 1111 ,1111111111 1111
1111111011 1111 11111111 111111 111111111111111111 10111111111111111111118111111
1111111. 1111111111ιί011111111111113111111111 11111111 1111 11011111111111111
der 1111111111 1101011111), os ist also 11·11111.·111111111111. 111111111111111-
1111111. 11110111 1111 (1111111011 sich 1101111111 1111111111 11111. 0111111011 11
,1111111 uns 11111 11111111111, 1111· 1111111 1111111 111 11111111111111111111
sein 1111111111 1111111111 Fvst ,11111111 111111111111111111 1111110111111. (io-
1111111115111111111511111111111. 11111 ,11111111 (111111111111 111111 111 1111111,

¹) Fur 1111 1111111111111111 11111111111111111 11131.1111111111111111118. 172. 11⁴. 115,

¹) Comnidromina >¹ 1111

’1 ,10111 1111 ,11111111111111“ 11111111111110111 111 111111111 1111111111111 Χ1’,1.

*1 1.·0111111111011111111 S. 11111, - ³¹) 111111111111011111118 1“11.

“) 101111111101111111111. 1⁸⁶3: 11111 11111 11111111 11111111111ΧΧΙ111 pust 1010111111
nem 11111111 infra 1111 111111111111110 1111 111 1111111111 111111 personaliter
constituto.

 

