-11111-

11111111111111111, 11111 111111111111111 1111111, 111111 1111111111 111111 11111111
11111111111111111111111111111 11111111511111 aus (11111111. Er hei·
1111111 1111 1111111111 1111111111111 von 1111111. 11111111 1111111111 111
Τ11τ111111111111, 111111 1111111111 die Regiorum: svium· (1111111111

111111111111. 8111111 11111 11111111111111 aus 1111· 11111111111111 Gt»
11111111111111 Bislums I’aderborn. 1111111111 1111111111111111111111111

1111111111 1111 11111111 11111111 (11111111 1111111111. 11111111
1111111 111111 11111 1111111111 1111111 111111 1111111111, 11111111 11111
(111111111111111111 1111111111. 11111 (1111111111 Papslvs Urban Vl. 11·
11111111 11 1111111111 des von ihm 11111111111111111 1111111111 und
1111111111111111111 11ρί1111111 11. Er 11111111 sich ihm in 11111111
81111111 111111 11111111 1111111111 11111111111111111111. 1111111. im Grunde
1111111111111111 11111 1111111111111111111 1111111111111 1111111111 11·
111111, 1111111111 111111 11151111111111111111111 durch 11111 1111111111·
1111111111 111111 1111111 11111111111111111 1111· 11111111111111 11111 111-
11111111111111111111. 11111111 vl. kam 111 1111111(111111111111111111111
11111111 Franz 1111 111111 1111111111 111111 111 Ν111111Ι 111 811111, 1111111·
linus mit 11111 Abu· 1111 1111111111 111111 seinos 1111111111111
1111111111 1111111 unser 1111111111111111111111 11111111 in 1111 1111-
11111111111111111111111, 111111111111111 1111111111 1111111111. 1111111111
11111111111111111111111111111 1111111111 Pictoris (111 11111111 als (1111-
1111, 11111111 1111111111 1111111111 11111 1111111111111111111111111.
1111111 111111 1111111 1111111111 111111 Ι11111111 11 1111111111 11111111
111111111111111111 zu 11111111. 111 111111 1111111111 1111111111 111111 111.
Sept. 11111, durch 11111111 111111 111111111111111111111111111111111111111·
,1111111111 1111111111111 1111111111111111111111111 1111111111, 111111 (11-
11111115 honorabilis 111 dontinus 1111111· 11111111 11111111 ,11111111 in
1111111 1111111111 1111111111 11. 1111 1111111111 1111111111111111 11·
,11111111 11 in 1111111111111111111 1111111111 111111 11. (11111111 111111).
Ν111 111111 111111111111111111 11111111 11111· das 1111111111 dise-mm 2¹¹,
1111111111111111111115 111111 noch in 1111 1111111111 11111111111111Ι 1111111111
111111 111. 11111 111111 11111111), 1111111111111111111 1111111111· 1111111 111

ι1 1111111111111118. 21111. ’101111111111111111121

1111. 8111. 11111111111111. 111111111111111111 1⁸: 11111111111 Pictoris
1111111111 111111 11111111111111111111111, 111111 1111 ,1111111111 1111111111 11111111111111111
11111 1111111111 1111111111 111111.

*111111111111111111111111111 fol, 11131. 1111111111· ist 11111111111111 vom
1111111111 ,111111 111111111111111111 11 1111111111 11111111111111 11111111 111 1111111111 1111111
111111 11111111111111111111111111111 viri 11111111 1111111111 11111111. 11111 111111111111111111111
1111111111ῐί111111. 1111· 1111111 111 [1111111111111111 1· (1111111111 Singularis) 111111111811111111111.

⁸) M. 11.-11, 111 1111111111111. 131. - *111111181111111111

 

